version = 'MMult1';
MY_MMult = [
40 3.368421e+00 0.000000e+00 
80 2.797814e+00 0.000000e+00 
120 2.668726e+00 0.000000e+00 
160 2.566416e+00 0.000000e+00 
200 2.516910e+00 0.000000e+00 
240 2.507755e+00 0.000000e+00 
280 2.472908e+00 0.000000e+00 
320 2.441365e+00 0.000000e+00 
360 2.426588e+00 0.000000e+00 
400 2.399025e+00 0.000000e+00 
440 2.403239e+00 0.000000e+00 
480 2.395088e+00 0.000000e+00 
520 2.385754e+00 0.000000e+00 
560 2.378718e+00 0.000000e+00 
600 2.377074e+00 0.000000e+00 
640 2.365953e+00 0.000000e+00 
680 2.333326e+00 0.000000e+00 
720 2.332181e+00 0.000000e+00 
760 2.322225e+00 0.000000e+00 
800 2.318788e+00 0.000000e+00 
];
